image_width: 1280
image_height: 720
camera_name: narrow_stereo
camera_matrix:
  rows: 3
  cols: 3
  data: [909.365448, 0.000000, 704.264289, 0.000000, 906.639319, 298.569912, 0.000000, 0.000000, 1.000000]
distortion_model: plumb_bob
distortion_coefficients:
  rows: 1
  cols: 5
  data: [-0.066020, 0.005185, -0.006512, 0.011057, 0.000000]
rectification_matrix:
  rows: 3
  cols: 3
  data: [1.000000, 0.000000, 0.000000, 0.000000, 1.000000, 0.000000, 0.000000, 0.000000, 1.000000]
projection_matrix:
  rows: 3
  cols: 4
  data: [871.492065, 0.000000, 726.139844, 0.000000, 0.000000, 895.340332, 294.248715, 0.000000, 0.000000, 0.000000, 1.000000, 0.000000]
