image_width: 1920
image_height: 1080
camera_name: narrow_stereo
camera_matrix:
  rows: 3
  cols: 3
  data: [1434.941570, 0.000000, 968.186883, 0.000000, 1430.565803, 568.554126, 0.000000, 0.000000, 1.000000]
distortion_model: plumb_bob
distortion_coefficients:
  rows: 1
  cols: 5
  data: [0.177714, -0.329868, 0.001358, 0.005279, 0.000000]
rectification_matrix:
  rows: 3
  cols: 3
  data: [1.000000, 0.000000, 0.000000, 0.000000, 1.000000, 0.000000, 0.000000, 0.000000, 1.000000]
projection_matrix:
  rows: 3
  cols: 4
  data: [1455.265503, 0.000000, 979.955297, 0.000000, 0.000000, 1469.295044, 569.553720, 0.000000, 0.000000, 0.000000, 1.000000, 0.000000]
