image_width: 3840
image_height: 2160
camera_name: narrow_stereo
camera_matrix:
  rows: 3
  cols: 3
  data: [2837.525260, 0.000000, 1872.962439, 0.000000, 2834.557766, 1104.113848, 0.000000, 0.000000, 1.000000]
distortion_model: plumb_bob
distortion_coefficients:
  rows: 1
  cols: 5
  data: [0.192456, -0.390633, -0.005151, -0.004902, 0.000000]
rectification_matrix:
  rows: 3
  cols: 3
  data: [1.000000, 0.000000, 0.000000, 0.000000, 1.000000, 0.000000, 0.000000, 0.000000, 1.000000]
projection_matrix:
  rows: 3
  cols: 4
  data: [2852.915283, 0.000000, 1842.851565, 0.000000, 0.000000, 2910.748535, 1096.640884, 0.000000, 0.000000, 0.000000, 1.000000, 0.000000]
