image_width: 640
image_height: 480
camera_name: narrow_stereo
camera_matrix:
  rows: 3
  cols: 3
  data: [550.259279, 0.000000, 320.628836, 0.000000, 552.356793, 232.329619, 0.000000, 0.000000, 1.000000]
distortion_model: plumb_bob
distortion_coefficients:
  rows: 1
  cols: 5
  data: [0.017368, -0.071962, 0.000667, -0.003875, 0.000000]
rectification_matrix:
  rows: 3
  cols: 3
  data: [1.000000, 0.000000, 0.000000, 0.000000, 1.000000, 0.000000, 0.000000, 0.000000, 1.000000]
projection_matrix:
  rows: 3
  cols: 4
  data: [548.902527, 0.000000, 318.420352, 0.000000, 0.000000, 553.280518, 232.507233, 0.000000, 0.000000, 0.000000, 1.000000, 0.000000]
